# This file has calculated legendre symbols (m/n)
# for 2 <= m, n <= 100, and n odd prime.
# The outputs look like [ m, n, legendre(m,n) ]
[ 2, 3, -1 ]
[ 2, 5, -1 ]
[ 2, 7, 1 ]
[ 2, 11, -1 ]
[ 2, 13, -1 ]
[ 2, 17, 1 ]
[ 2, 19, -1 ]
[ 2, 23, 1 ]
[ 2, 29, -1 ]
[ 2, 31, 1 ]
[ 2, 37, -1 ]
[ 2, 41, 1 ]
[ 2, 43, -1 ]
[ 2, 47, 1 ]
[ 2, 53, -1 ]
[ 2, 59, -1 ]
[ 2, 61, -1 ]
[ 2, 67, -1 ]
[ 2, 71, 1 ]
[ 2, 73, 1 ]
[ 2, 79, 1 ]
[ 2, 83, -1 ]
[ 2, 89, 1 ]
[ 2, 97, 1 ]
[ 3, 3, 0 ]
[ 3, 5, -1 ]
[ 3, 7, -1 ]
[ 3, 11, 1 ]
[ 3, 13, 1 ]
[ 3, 17, -1 ]
[ 3, 19, -1 ]
[ 3, 23, 1 ]
[ 3, 29, -1 ]
[ 3, 31, -1 ]
[ 3, 37, 1 ]
[ 3, 41, -1 ]
[ 3, 43, -1 ]
[ 3, 47, 1 ]
[ 3, 53, -1 ]
[ 3, 59, 1 ]
[ 3, 61, 1 ]
[ 3, 67, -1 ]
[ 3, 71, 1 ]
[ 3, 73, 1 ]
[ 3, 79, -1 ]
[ 3, 83, 1 ]
[ 3, 89, -1 ]
[ 3, 97, 1 ]
[ 4, 3, 1 ]
[ 4, 5, 1 ]
[ 4, 7, 1 ]
[ 4, 11, 1 ]
[ 4, 13, 1 ]
[ 4, 17, 1 ]
[ 4, 19, 1 ]
[ 4, 23, 1 ]
[ 4, 29, 1 ]
[ 4, 31, 1 ]
[ 4, 37, 1 ]
[ 4, 41, 1 ]
[ 4, 43, 1 ]
[ 4, 47, 1 ]
[ 4, 53, 1 ]
[ 4, 59, 1 ]
[ 4, 61, 1 ]
[ 4, 67, 1 ]
[ 4, 71, 1 ]
[ 4, 73, 1 ]
[ 4, 79, 1 ]
[ 4, 83, 1 ]
[ 4, 89, 1 ]
[ 4, 97, 1 ]
[ 5, 3, -1 ]
[ 5, 5, 0 ]
[ 5, 7, -1 ]
[ 5, 11, 1 ]
[ 5, 13, -1 ]
[ 5, 17, -1 ]
[ 5, 19, 1 ]
[ 5, 23, -1 ]
[ 5, 29, 1 ]
[ 5, 31, 1 ]
[ 5, 37, -1 ]
[ 5, 41, 1 ]
[ 5, 43, -1 ]
[ 5, 47, -1 ]
[ 5, 53, -1 ]
[ 5, 59, 1 ]
[ 5, 61, 1 ]
[ 5, 67, -1 ]
[ 5, 71, 1 ]
[ 5, 73, -1 ]
[ 5, 79, 1 ]
[ 5, 83, -1 ]
[ 5, 89, 1 ]
[ 5, 97, -1 ]
[ 6, 3, 0 ]
[ 6, 5, 1 ]
[ 6, 7, -1 ]
[ 6, 11, -1 ]
[ 6, 13, -1 ]
[ 6, 17, -1 ]
[ 6, 19, 1 ]
[ 6, 23, 1 ]
[ 6, 29, 1 ]
[ 6, 31, -1 ]
[ 6, 37, -1 ]
[ 6, 41, -1 ]
[ 6, 43, 1 ]
[ 6, 47, 1 ]
[ 6, 53, 1 ]
[ 6, 59, -1 ]
[ 6, 61, -1 ]
[ 6, 67, 1 ]
[ 6, 71, 1 ]
[ 6, 73, 1 ]
[ 6, 79, -1 ]
[ 6, 83, -1 ]
[ 6, 89, -1 ]
[ 6, 97, 1 ]
[ 7, 3, 1 ]
[ 7, 5, -1 ]
[ 7, 7, 0 ]
[ 7, 11, -1 ]
[ 7, 13, -1 ]
[ 7, 17, -1 ]
[ 7, 19, 1 ]
[ 7, 23, -1 ]
[ 7, 29, 1 ]
[ 7, 31, 1 ]
[ 7, 37, 1 ]
[ 7, 41, -1 ]
[ 7, 43, -1 ]
[ 7, 47, 1 ]
[ 7, 53, 1 ]
[ 7, 59, 1 ]
[ 7, 61, -1 ]
[ 7, 67, -1 ]
[ 7, 71, -1 ]
[ 7, 73, -1 ]
[ 7, 79, -1 ]
[ 7, 83, 1 ]
[ 7, 89, -1 ]
[ 7, 97, -1 ]
[ 8, 3, -1 ]
[ 8, 5, -1 ]
[ 8, 7, 1 ]
[ 8, 11, -1 ]
[ 8, 13, -1 ]
[ 8, 17, 1 ]
[ 8, 19, -1 ]
[ 8, 23, 1 ]
[ 8, 29, -1 ]
[ 8, 31, 1 ]
[ 8, 37, -1 ]
[ 8, 41, 1 ]
[ 8, 43, -1 ]
[ 8, 47, 1 ]
[ 8, 53, -1 ]
[ 8, 59, -1 ]
[ 8, 61, -1 ]
[ 8, 67, -1 ]
[ 8, 71, 1 ]
[ 8, 73, 1 ]
[ 8, 79, 1 ]
[ 8, 83, -1 ]
[ 8, 89, 1 ]
[ 8, 97, 1 ]
[ 9, 3, 0 ]
[ 9, 5, 1 ]
[ 9, 7, 1 ]
[ 9, 11, 1 ]
[ 9, 13, 1 ]
[ 9, 17, 1 ]
[ 9, 19, 1 ]
[ 9, 23, 1 ]
[ 9, 29, 1 ]
[ 9, 31, 1 ]
[ 9, 37, 1 ]
[ 9, 41, 1 ]
[ 9, 43, 1 ]
[ 9, 47, 1 ]
[ 9, 53, 1 ]
[ 9, 59, 1 ]
[ 9, 61, 1 ]
[ 9, 67, 1 ]
[ 9, 71, 1 ]
[ 9, 73, 1 ]
[ 9, 79, 1 ]
[ 9, 83, 1 ]
[ 9, 89, 1 ]
[ 9, 97, 1 ]
[ 10, 3, 1 ]
[ 10, 5, 0 ]
[ 10, 7, -1 ]
[ 10, 11, -1 ]
[ 10, 13, 1 ]
[ 10, 17, -1 ]
[ 10, 19, -1 ]
[ 10, 23, -1 ]
[ 10, 29, -1 ]
[ 10, 31, 1 ]
[ 10, 37, 1 ]
[ 10, 41, 1 ]
[ 10, 43, 1 ]
[ 10, 47, -1 ]
[ 10, 53, 1 ]
[ 10, 59, -1 ]
[ 10, 61, -1 ]
[ 10, 67, 1 ]
[ 10, 71, 1 ]
[ 10, 73, -1 ]
[ 10, 79, 1 ]
[ 10, 83, 1 ]
[ 10, 89, 1 ]
[ 10, 97, -1 ]
[ 11, 3, -1 ]
[ 11, 5, 1 ]
[ 11, 7, 1 ]
[ 11, 11, 0 ]
[ 11, 13, -1 ]
[ 11, 17, -1 ]
[ 11, 19, 1 ]
[ 11, 23, -1 ]
[ 11, 29, -1 ]
[ 11, 31, -1 ]
[ 11, 37, 1 ]
[ 11, 41, -1 ]
[ 11, 43, 1 ]
[ 11, 47, -1 ]
[ 11, 53, 1 ]
[ 11, 59, -1 ]
[ 11, 61, -1 ]
[ 11, 67, -1 ]
[ 11, 71, -1 ]
[ 11, 73, -1 ]
[ 11, 79, 1 ]
[ 11, 83, 1 ]
[ 11, 89, 1 ]
[ 11, 97, 1 ]
[ 12, 3, 0 ]
[ 12, 5, -1 ]
[ 12, 7, -1 ]
[ 12, 11, 1 ]
[ 12, 13, 1 ]
[ 12, 17, -1 ]
[ 12, 19, -1 ]
[ 12, 23, 1 ]
[ 12, 29, -1 ]
[ 12, 31, -1 ]
[ 12, 37, 1 ]
[ 12, 41, -1 ]
[ 12, 43, -1 ]
[ 12, 47, 1 ]
[ 12, 53, -1 ]
[ 12, 59, 1 ]
[ 12, 61, 1 ]
[ 12, 67, -1 ]
[ 12, 71, 1 ]
[ 12, 73, 1 ]
[ 12, 79, -1 ]
[ 12, 83, 1 ]
[ 12, 89, -1 ]
[ 12, 97, 1 ]
[ 13, 3, 1 ]
[ 13, 5, -1 ]
[ 13, 7, -1 ]
[ 13, 11, -1 ]
[ 13, 13, 0 ]
[ 13, 17, 1 ]
[ 13, 19, -1 ]
[ 13, 23, 1 ]
[ 13, 29, 1 ]
[ 13, 31, -1 ]
[ 13, 37, -1 ]
[ 13, 41, -1 ]
[ 13, 43, 1 ]
[ 13, 47, -1 ]
[ 13, 53, 1 ]
[ 13, 59, -1 ]
[ 13, 61, 1 ]
[ 13, 67, -1 ]
[ 13, 71, -1 ]
[ 13, 73, -1 ]
[ 13, 79, 1 ]
[ 13, 83, -1 ]
[ 13, 89, -1 ]
[ 13, 97, -1 ]
[ 14, 3, -1 ]
[ 14, 5, 1 ]
[ 14, 7, 0 ]
[ 14, 11, 1 ]
[ 14, 13, 1 ]
[ 14, 17, -1 ]
[ 14, 19, -1 ]
[ 14, 23, -1 ]
[ 14, 29, -1 ]
[ 14, 31, 1 ]
[ 14, 37, -1 ]
[ 14, 41, -1 ]
[ 14, 43, 1 ]
[ 14, 47, 1 ]
[ 14, 53, -1 ]
[ 14, 59, -1 ]
[ 14, 61, 1 ]
[ 14, 67, 1 ]
[ 14, 71, -1 ]
[ 14, 73, -1 ]
[ 14, 79, -1 ]
[ 14, 83, -1 ]
[ 14, 89, -1 ]
[ 14, 97, -1 ]
[ 15, 3, 0 ]
[ 15, 5, 0 ]
[ 15, 7, 1 ]
[ 15, 11, 1 ]
[ 15, 13, -1 ]
[ 15, 17, 1 ]
[ 15, 19, -1 ]
[ 15, 23, -1 ]
[ 15, 29, -1 ]
[ 15, 31, -1 ]
[ 15, 37, -1 ]
[ 15, 41, -1 ]
[ 15, 43, 1 ]
[ 15, 47, -1 ]
[ 15, 53, 1 ]
[ 15, 59, 1 ]
[ 15, 61, 1 ]
[ 15, 67, 1 ]
[ 15, 71, 1 ]
[ 15, 73, -1 ]
[ 15, 79, -1 ]
[ 15, 83, -1 ]
[ 15, 89, -1 ]
[ 15, 97, -1 ]
[ 16, 3, 1 ]
[ 16, 5, 1 ]
[ 16, 7, 1 ]
[ 16, 11, 1 ]
[ 16, 13, 1 ]
[ 16, 17, 1 ]
[ 16, 19, 1 ]
[ 16, 23, 1 ]
[ 16, 29, 1 ]
[ 16, 31, 1 ]
[ 16, 37, 1 ]
[ 16, 41, 1 ]
[ 16, 43, 1 ]
[ 16, 47, 1 ]
[ 16, 53, 1 ]
[ 16, 59, 1 ]
[ 16, 61, 1 ]
[ 16, 67, 1 ]
[ 16, 71, 1 ]
[ 16, 73, 1 ]
[ 16, 79, 1 ]
[ 16, 83, 1 ]
[ 16, 89, 1 ]
[ 16, 97, 1 ]
[ 17, 3, -1 ]
[ 17, 5, -1 ]
[ 17, 7, -1 ]
[ 17, 11, -1 ]
[ 17, 13, 1 ]
[ 17, 17, 0 ]
[ 17, 19, 1 ]
[ 17, 23, -1 ]
[ 17, 29, -1 ]
[ 17, 31, -1 ]
[ 17, 37, -1 ]
[ 17, 41, -1 ]
[ 17, 43, 1 ]
[ 17, 47, 1 ]
[ 17, 53, 1 ]
[ 17, 59, 1 ]
[ 17, 61, -1 ]
[ 17, 67, 1 ]
[ 17, 71, -1 ]
[ 17, 73, -1 ]
[ 17, 79, -1 ]
[ 17, 83, 1 ]
[ 17, 89, 1 ]
[ 17, 97, -1 ]
[ 18, 3, 0 ]
[ 18, 5, -1 ]
[ 18, 7, 1 ]
[ 18, 11, -1 ]
[ 18, 13, -1 ]
[ 18, 17, 1 ]
[ 18, 19, -1 ]
[ 18, 23, 1 ]
[ 18, 29, -1 ]
[ 18, 31, 1 ]
[ 18, 37, -1 ]
[ 18, 41, 1 ]
[ 18, 43, -1 ]
[ 18, 47, 1 ]
[ 18, 53, -1 ]
[ 18, 59, -1 ]
[ 18, 61, -1 ]
[ 18, 67, -1 ]
[ 18, 71, 1 ]
[ 18, 73, 1 ]
[ 18, 79, 1 ]
[ 18, 83, -1 ]
[ 18, 89, 1 ]
[ 18, 97, 1 ]
[ 19, 3, 1 ]
[ 19, 5, 1 ]
[ 19, 7, -1 ]
[ 19, 11, -1 ]
[ 19, 13, -1 ]
[ 19, 17, 1 ]
[ 19, 19, 0 ]
[ 19, 23, -1 ]
[ 19, 29, -1 ]
[ 19, 31, 1 ]
[ 19, 37, -1 ]
[ 19, 41, -1 ]
[ 19, 43, -1 ]
[ 19, 47, -1 ]
[ 19, 53, -1 ]
[ 19, 59, 1 ]
[ 19, 61, 1 ]
[ 19, 67, 1 ]
[ 19, 71, 1 ]
[ 19, 73, 1 ]
[ 19, 79, 1 ]
[ 19, 83, -1 ]
[ 19, 89, -1 ]
[ 19, 97, -1 ]
[ 20, 3, -1 ]
[ 20, 5, 0 ]
[ 20, 7, -1 ]
[ 20, 11, 1 ]
[ 20, 13, -1 ]
[ 20, 17, -1 ]
[ 20, 19, 1 ]
[ 20, 23, -1 ]
[ 20, 29, 1 ]
[ 20, 31, 1 ]
[ 20, 37, -1 ]
[ 20, 41, 1 ]
[ 20, 43, -1 ]
[ 20, 47, -1 ]
[ 20, 53, -1 ]
[ 20, 59, 1 ]
[ 20, 61, 1 ]
[ 20, 67, -1 ]
[ 20, 71, 1 ]
[ 20, 73, -1 ]
[ 20, 79, 1 ]
[ 20, 83, -1 ]
[ 20, 89, 1 ]
[ 20, 97, -1 ]
[ 21, 3, 0 ]
[ 21, 5, 1 ]
[ 21, 7, 0 ]
[ 21, 11, -1 ]
[ 21, 13, -1 ]
[ 21, 17, 1 ]
[ 21, 19, -1 ]
[ 21, 23, -1 ]
[ 21, 29, -1 ]
[ 21, 31, -1 ]
[ 21, 37, 1 ]
[ 21, 41, 1 ]
[ 21, 43, 1 ]
[ 21, 47, 1 ]
[ 21, 53, -1 ]
[ 21, 59, 1 ]
[ 21, 61, -1 ]
[ 21, 67, 1 ]
[ 21, 71, -1 ]
[ 21, 73, -1 ]
[ 21, 79, 1 ]
[ 21, 83, 1 ]
[ 21, 89, 1 ]
[ 21, 97, -1 ]
[ 22, 3, 1 ]
[ 22, 5, -1 ]
[ 22, 7, 1 ]
[ 22, 11, 0 ]
[ 22, 13, 1 ]
[ 22, 17, -1 ]
[ 22, 19, -1 ]
[ 22, 23, -1 ]
[ 22, 29, 1 ]
[ 22, 31, -1 ]
[ 22, 37, -1 ]
[ 22, 41, -1 ]
[ 22, 43, -1 ]
[ 22, 47, -1 ]
[ 22, 53, -1 ]
[ 22, 59, 1 ]
[ 22, 61, 1 ]
[ 22, 67, 1 ]
[ 22, 71, -1 ]
[ 22, 73, -1 ]
[ 22, 79, 1 ]
[ 22, 83, -1 ]
[ 22, 89, 1 ]
[ 22, 97, 1 ]
[ 23, 3, -1 ]
[ 23, 5, -1 ]
[ 23, 7, 1 ]
[ 23, 11, 1 ]
[ 23, 13, 1 ]
[ 23, 17, -1 ]
[ 23, 19, 1 ]
[ 23, 23, 0 ]
[ 23, 29, 1 ]
[ 23, 31, -1 ]
[ 23, 37, -1 ]
[ 23, 41, 1 ]
[ 23, 43, 1 ]
[ 23, 47, -1 ]
[ 23, 53, -1 ]
[ 23, 59, -1 ]
[ 23, 61, -1 ]
[ 23, 67, 1 ]
[ 23, 71, -1 ]
[ 23, 73, 1 ]
[ 23, 79, 1 ]
[ 23, 83, 1 ]
[ 23, 89, -1 ]
[ 23, 97, -1 ]
[ 24, 3, 0 ]
[ 24, 5, 1 ]
[ 24, 7, -1 ]
[ 24, 11, -1 ]
[ 24, 13, -1 ]
[ 24, 17, -1 ]
[ 24, 19, 1 ]
[ 24, 23, 1 ]
[ 24, 29, 1 ]
[ 24, 31, -1 ]
[ 24, 37, -1 ]
[ 24, 41, -1 ]
[ 24, 43, 1 ]
[ 24, 47, 1 ]
[ 24, 53, 1 ]
[ 24, 59, -1 ]
[ 24, 61, -1 ]
[ 24, 67, 1 ]
[ 24, 71, 1 ]
[ 24, 73, 1 ]
[ 24, 79, -1 ]
[ 24, 83, -1 ]
[ 24, 89, -1 ]
[ 24, 97, 1 ]
[ 25, 3, 1 ]
[ 25, 5, 0 ]
[ 25, 7, 1 ]
[ 25, 11, 1 ]
[ 25, 13, 1 ]
[ 25, 17, 1 ]
[ 25, 19, 1 ]
[ 25, 23, 1 ]
[ 25, 29, 1 ]
[ 25, 31, 1 ]
[ 25, 37, 1 ]
[ 25, 41, 1 ]
[ 25, 43, 1 ]
[ 25, 47, 1 ]
[ 25, 53, 1 ]
[ 25, 59, 1 ]
[ 25, 61, 1 ]
[ 25, 67, 1 ]
[ 25, 71, 1 ]
[ 25, 73, 1 ]
[ 25, 79, 1 ]
[ 25, 83, 1 ]
[ 25, 89, 1 ]
[ 25, 97, 1 ]
[ 26, 3, -1 ]
[ 26, 5, 1 ]
[ 26, 7, -1 ]
[ 26, 11, 1 ]
[ 26, 13, 0 ]
[ 26, 17, 1 ]
[ 26, 19, 1 ]
[ 26, 23, 1 ]
[ 26, 29, -1 ]
[ 26, 31, -1 ]
[ 26, 37, 1 ]
[ 26, 41, -1 ]
[ 26, 43, -1 ]
[ 26, 47, -1 ]
[ 26, 53, -1 ]
[ 26, 59, 1 ]
[ 26, 61, -1 ]
[ 26, 67, 1 ]
[ 26, 71, -1 ]
[ 26, 73, -1 ]
[ 26, 79, 1 ]
[ 26, 83, 1 ]
[ 26, 89, -1 ]
[ 26, 97, -1 ]
[ 27, 3, 0 ]
[ 27, 5, -1 ]
[ 27, 7, -1 ]
[ 27, 11, 1 ]
[ 27, 13, 1 ]
[ 27, 17, -1 ]
[ 27, 19, -1 ]
[ 27, 23, 1 ]
[ 27, 29, -1 ]
[ 27, 31, -1 ]
[ 27, 37, 1 ]
[ 27, 41, -1 ]
[ 27, 43, -1 ]
[ 27, 47, 1 ]
[ 27, 53, -1 ]
[ 27, 59, 1 ]
[ 27, 61, 1 ]
[ 27, 67, -1 ]
[ 27, 71, 1 ]
[ 27, 73, 1 ]
[ 27, 79, -1 ]
[ 27, 83, 1 ]
[ 27, 89, -1 ]
[ 27, 97, 1 ]
[ 28, 3, 1 ]
[ 28, 5, -1 ]
[ 28, 7, 0 ]
[ 28, 11, -1 ]
[ 28, 13, -1 ]
[ 28, 17, -1 ]
[ 28, 19, 1 ]
[ 28, 23, -1 ]
[ 28, 29, 1 ]
[ 28, 31, 1 ]
[ 28, 37, 1 ]
[ 28, 41, -1 ]
[ 28, 43, -1 ]
[ 28, 47, 1 ]
[ 28, 53, 1 ]
[ 28, 59, 1 ]
[ 28, 61, -1 ]
[ 28, 67, -1 ]
[ 28, 71, -1 ]
[ 28, 73, -1 ]
[ 28, 79, -1 ]
[ 28, 83, 1 ]
[ 28, 89, -1 ]
[ 28, 97, -1 ]
[ 29, 3, -1 ]
[ 29, 5, 1 ]
[ 29, 7, 1 ]
[ 29, 11, -1 ]
[ 29, 13, 1 ]
[ 29, 17, -1 ]
[ 29, 19, -1 ]
[ 29, 23, 1 ]
[ 29, 29, 0 ]
[ 29, 31, -1 ]
[ 29, 37, -1 ]
[ 29, 41, -1 ]
[ 29, 43, -1 ]
[ 29, 47, -1 ]
[ 29, 53, 1 ]
[ 29, 59, 1 ]
[ 29, 61, -1 ]
[ 29, 67, 1 ]
[ 29, 71, 1 ]
[ 29, 73, -1 ]
[ 29, 79, -1 ]
[ 29, 83, 1 ]
[ 29, 89, -1 ]
[ 29, 97, -1 ]
[ 30, 3, 0 ]
[ 30, 5, 0 ]
[ 30, 7, 1 ]
[ 30, 11, -1 ]
[ 30, 13, 1 ]
[ 30, 17, 1 ]
[ 30, 19, 1 ]
[ 30, 23, -1 ]
[ 30, 29, 1 ]
[ 30, 31, -1 ]
[ 30, 37, 1 ]
[ 30, 41, -1 ]
[ 30, 43, -1 ]
[ 30, 47, -1 ]
[ 30, 53, -1 ]
[ 30, 59, -1 ]
[ 30, 61, -1 ]
[ 30, 67, -1 ]
[ 30, 71, 1 ]
[ 30, 73, -1 ]
[ 30, 79, -1 ]
[ 30, 83, 1 ]
[ 30, 89, -1 ]
[ 30, 97, -1 ]
[ 31, 3, 1 ]
[ 31, 5, 1 ]
[ 31, 7, -1 ]
[ 31, 11, 1 ]
[ 31, 13, -1 ]
[ 31, 17, -1 ]
[ 31, 19, -1 ]
[ 31, 23, 1 ]
[ 31, 29, -1 ]
[ 31, 31, 0 ]
[ 31, 37, -1 ]
[ 31, 41, 1 ]
[ 31, 43, 1 ]
[ 31, 47, -1 ]
[ 31, 53, -1 ]
[ 31, 59, -1 ]
[ 31, 61, -1 ]
[ 31, 67, -1 ]
[ 31, 71, -1 ]
[ 31, 73, -1 ]
[ 31, 79, 1 ]
[ 31, 83, 1 ]
[ 31, 89, -1 ]
[ 31, 97, 1 ]
[ 32, 3, -1 ]
[ 32, 5, -1 ]
[ 32, 7, 1 ]
[ 32, 11, -1 ]
[ 32, 13, -1 ]
[ 32, 17, 1 ]
[ 32, 19, -1 ]
[ 32, 23, 1 ]
[ 32, 29, -1 ]
[ 32, 31, 1 ]
[ 32, 37, -1 ]
[ 32, 41, 1 ]
[ 32, 43, -1 ]
[ 32, 47, 1 ]
[ 32, 53, -1 ]
[ 32, 59, -1 ]
[ 32, 61, -1 ]
[ 32, 67, -1 ]
[ 32, 71, 1 ]
[ 32, 73, 1 ]
[ 32, 79, 1 ]
[ 32, 83, -1 ]
[ 32, 89, 1 ]
[ 32, 97, 1 ]
[ 33, 3, 0 ]
[ 33, 5, -1 ]
[ 33, 7, -1 ]
[ 33, 11, 0 ]
[ 33, 13, -1 ]
[ 33, 17, 1 ]
[ 33, 19, -1 ]
[ 33, 23, -1 ]
[ 33, 29, 1 ]
[ 33, 31, 1 ]
[ 33, 37, 1 ]
[ 33, 41, 1 ]
[ 33, 43, -1 ]
[ 33, 47, -1 ]
[ 33, 53, -1 ]
[ 33, 59, -1 ]
[ 33, 61, -1 ]
[ 33, 67, 1 ]
[ 33, 71, -1 ]
[ 33, 73, -1 ]
[ 33, 79, -1 ]
[ 33, 83, 1 ]
[ 33, 89, -1 ]
[ 33, 97, 1 ]
[ 34, 3, 1 ]
[ 34, 5, 1 ]
[ 34, 7, -1 ]
[ 34, 11, 1 ]
[ 34, 13, -1 ]
[ 34, 17, 0 ]
[ 34, 19, -1 ]
[ 34, 23, -1 ]
[ 34, 29, 1 ]
[ 34, 31, -1 ]
[ 34, 37, 1 ]
[ 34, 41, -1 ]
[ 34, 43, -1 ]
[ 34, 47, 1 ]
[ 34, 53, -1 ]
[ 34, 59, -1 ]
[ 34, 61, 1 ]
[ 34, 67, -1 ]
[ 34, 71, -1 ]
[ 34, 73, -1 ]
[ 34, 79, -1 ]
[ 34, 83, -1 ]
[ 34, 89, 1 ]
[ 34, 97, -1 ]
[ 35, 3, -1 ]
[ 35, 5, 0 ]
[ 35, 7, 0 ]
[ 35, 11, -1 ]
[ 35, 13, 1 ]
[ 35, 17, 1 ]
[ 35, 19, 1 ]
[ 35, 23, 1 ]
[ 35, 29, 1 ]
[ 35, 31, 1 ]
[ 35, 37, -1 ]
[ 35, 41, -1 ]
[ 35, 43, 1 ]
[ 35, 47, -1 ]
[ 35, 53, -1 ]
[ 35, 59, 1 ]
[ 35, 61, -1 ]
[ 35, 67, 1 ]
[ 35, 71, -1 ]
[ 35, 73, 1 ]
[ 35, 79, -1 ]
[ 35, 83, -1 ]
[ 35, 89, -1 ]
[ 35, 97, 1 ]
[ 36, 3, 0 ]
[ 36, 5, 1 ]
[ 36, 7, 1 ]
[ 36, 11, 1 ]
[ 36, 13, 1 ]
[ 36, 17, 1 ]
[ 36, 19, 1 ]
[ 36, 23, 1 ]
[ 36, 29, 1 ]
[ 36, 31, 1 ]
[ 36, 37, 1 ]
[ 36, 41, 1 ]
[ 36, 43, 1 ]
[ 36, 47, 1 ]
[ 36, 53, 1 ]
[ 36, 59, 1 ]
[ 36, 61, 1 ]
[ 36, 67, 1 ]
[ 36, 71, 1 ]
[ 36, 73, 1 ]
[ 36, 79, 1 ]
[ 36, 83, 1 ]
[ 36, 89, 1 ]
[ 36, 97, 1 ]
[ 37, 3, 1 ]
[ 37, 5, -1 ]
[ 37, 7, 1 ]
[ 37, 11, 1 ]
[ 37, 13, -1 ]
[ 37, 17, -1 ]
[ 37, 19, -1 ]
[ 37, 23, -1 ]
[ 37, 29, -1 ]
[ 37, 31, -1 ]
[ 37, 37, 0 ]
[ 37, 41, 1 ]
[ 37, 43, -1 ]
[ 37, 47, 1 ]
[ 37, 53, 1 ]
[ 37, 59, -1 ]
[ 37, 61, -1 ]
[ 37, 67, 1 ]
[ 37, 71, 1 ]
[ 37, 73, 1 ]
[ 37, 79, -1 ]
[ 37, 83, 1 ]
[ 37, 89, -1 ]
[ 37, 97, -1 ]
[ 38, 3, -1 ]
[ 38, 5, -1 ]
[ 38, 7, -1 ]
[ 38, 11, 1 ]
[ 38, 13, 1 ]
[ 38, 17, 1 ]
[ 38, 19, 0 ]
[ 38, 23, -1 ]
[ 38, 29, 1 ]
[ 38, 31, 1 ]
[ 38, 37, 1 ]
[ 38, 41, -1 ]
[ 38, 43, 1 ]
[ 38, 47, -1 ]
[ 38, 53, 1 ]
[ 38, 59, -1 ]
[ 38, 61, -1 ]
[ 38, 67, -1 ]
[ 38, 71, 1 ]
[ 38, 73, 1 ]
[ 38, 79, 1 ]
[ 38, 83, 1 ]
[ 38, 89, -1 ]
[ 38, 97, -1 ]
[ 39, 3, 0 ]
[ 39, 5, 1 ]
[ 39, 7, 1 ]
[ 39, 11, -1 ]
[ 39, 13, 0 ]
[ 39, 17, -1 ]
[ 39, 19, 1 ]
[ 39, 23, 1 ]
[ 39, 29, -1 ]
[ 39, 31, 1 ]
[ 39, 37, -1 ]
[ 39, 41, 1 ]
[ 39, 43, -1 ]
[ 39, 47, -1 ]
[ 39, 53, -1 ]
[ 39, 59, -1 ]
[ 39, 61, 1 ]
[ 39, 67, 1 ]
[ 39, 71, -1 ]
[ 39, 73, -1 ]
[ 39, 79, -1 ]
[ 39, 83, -1 ]
[ 39, 89, 1 ]
[ 39, 97, -1 ]
[ 40, 3, 1 ]
[ 40, 5, 0 ]
[ 40, 7, -1 ]
[ 40, 11, -1 ]
[ 40, 13, 1 ]
[ 40, 17, -1 ]
[ 40, 19, -1 ]
[ 40, 23, -1 ]
[ 40, 29, -1 ]
[ 40, 31, 1 ]
[ 40, 37, 1 ]
[ 40, 41, 1 ]
[ 40, 43, 1 ]
[ 40, 47, -1 ]
[ 40, 53, 1 ]
[ 40, 59, -1 ]
[ 40, 61, -1 ]
[ 40, 67, 1 ]
[ 40, 71, 1 ]
[ 40, 73, -1 ]
[ 40, 79, 1 ]
[ 40, 83, 1 ]
[ 40, 89, 1 ]
[ 40, 97, -1 ]
[ 41, 3, -1 ]
[ 41, 5, 1 ]
[ 41, 7, -1 ]
[ 41, 11, -1 ]
[ 41, 13, -1 ]
[ 41, 17, -1 ]
[ 41, 19, -1 ]
[ 41, 23, 1 ]
[ 41, 29, -1 ]
[ 41, 31, 1 ]
[ 41, 37, 1 ]
[ 41, 41, 0 ]
[ 41, 43, 1 ]
[ 41, 47, -1 ]
[ 41, 53, -1 ]
[ 41, 59, 1 ]
[ 41, 61, 1 ]
[ 41, 67, -1 ]
[ 41, 71, -1 ]
[ 41, 73, 1 ]
[ 41, 79, -1 ]
[ 41, 83, 1 ]
[ 41, 89, -1 ]
[ 41, 97, -1 ]
[ 42, 3, 0 ]
[ 42, 5, -1 ]
[ 42, 7, 0 ]
[ 42, 11, 1 ]
[ 42, 13, 1 ]
[ 42, 17, 1 ]
[ 42, 19, 1 ]
[ 42, 23, -1 ]
[ 42, 29, 1 ]
[ 42, 31, -1 ]
[ 42, 37, -1 ]
[ 42, 41, 1 ]
[ 42, 43, -1 ]
[ 42, 47, 1 ]
[ 42, 53, 1 ]
[ 42, 59, -1 ]
[ 42, 61, 1 ]
[ 42, 67, -1 ]
[ 42, 71, -1 ]
[ 42, 73, -1 ]
[ 42, 79, 1 ]
[ 42, 83, -1 ]
[ 42, 89, 1 ]
[ 42, 97, -1 ]
[ 43, 3, 1 ]
[ 43, 5, -1 ]
[ 43, 7, 1 ]
[ 43, 11, -1 ]
[ 43, 13, 1 ]
[ 43, 17, 1 ]
[ 43, 19, 1 ]
[ 43, 23, -1 ]
[ 43, 29, -1 ]
[ 43, 31, -1 ]
[ 43, 37, -1 ]
[ 43, 41, 1 ]
[ 43, 43, 0 ]
[ 43, 47, -1 ]
[ 43, 53, 1 ]
[ 43, 59, -1 ]
[ 43, 61, -1 ]
[ 43, 67, -1 ]
[ 43, 71, 1 ]
[ 43, 73, -1 ]
[ 43, 79, -1 ]
[ 43, 83, -1 ]
[ 43, 89, -1 ]
[ 43, 97, 1 ]
[ 44, 3, -1 ]
[ 44, 5, 1 ]
[ 44, 7, 1 ]
[ 44, 11, 0 ]
[ 44, 13, -1 ]
[ 44, 17, -1 ]
[ 44, 19, 1 ]
[ 44, 23, -1 ]
[ 44, 29, -1 ]
[ 44, 31, -1 ]
[ 44, 37, 1 ]
[ 44, 41, -1 ]
[ 44, 43, 1 ]
[ 44, 47, -1 ]
[ 44, 53, 1 ]
[ 44, 59, -1 ]
[ 44, 61, -1 ]
[ 44, 67, -1 ]
[ 44, 71, -1 ]
[ 44, 73, -1 ]
[ 44, 79, 1 ]
[ 44, 83, 1 ]
[ 44, 89, 1 ]
[ 44, 97, 1 ]
[ 45, 3, 0 ]
[ 45, 5, 0 ]
[ 45, 7, -1 ]
[ 45, 11, 1 ]
[ 45, 13, -1 ]
[ 45, 17, -1 ]
[ 45, 19, 1 ]
[ 45, 23, -1 ]
[ 45, 29, 1 ]
[ 45, 31, 1 ]
[ 45, 37, -1 ]
[ 45, 41, 1 ]
[ 45, 43, -1 ]
[ 45, 47, -1 ]
[ 45, 53, -1 ]
[ 45, 59, 1 ]
[ 45, 61, 1 ]
[ 45, 67, -1 ]
[ 45, 71, 1 ]
[ 45, 73, -1 ]
[ 45, 79, 1 ]
[ 45, 83, -1 ]
[ 45, 89, 1 ]
[ 45, 97, -1 ]
[ 46, 3, 1 ]
[ 46, 5, 1 ]
[ 46, 7, 1 ]
[ 46, 11, -1 ]
[ 46, 13, -1 ]
[ 46, 17, -1 ]
[ 46, 19, -1 ]
[ 46, 23, 0 ]
[ 46, 29, -1 ]
[ 46, 31, -1 ]
[ 46, 37, 1 ]
[ 46, 41, 1 ]
[ 46, 43, -1 ]
[ 46, 47, -1 ]
[ 46, 53, 1 ]
[ 46, 59, 1 ]
[ 46, 61, 1 ]
[ 46, 67, -1 ]
[ 46, 71, -1 ]
[ 46, 73, 1 ]
[ 46, 79, 1 ]
[ 46, 83, -1 ]
[ 46, 89, -1 ]
[ 46, 97, -1 ]
[ 47, 3, -1 ]
[ 47, 5, -1 ]
[ 47, 7, -1 ]
[ 47, 11, 1 ]
[ 47, 13, -1 ]
[ 47, 17, 1 ]
[ 47, 19, 1 ]
[ 47, 23, 1 ]
[ 47, 29, -1 ]
[ 47, 31, 1 ]
[ 47, 37, 1 ]
[ 47, 41, -1 ]
[ 47, 43, 1 ]
[ 47, 47, 0 ]
[ 47, 53, 1 ]
[ 47, 59, -1 ]
[ 47, 61, 1 ]
[ 47, 67, 1 ]
[ 47, 71, -1 ]
[ 47, 73, -1 ]
[ 47, 79, -1 ]
[ 47, 83, -1 ]
[ 47, 89, 1 ]
[ 47, 97, 1 ]
[ 48, 3, 0 ]
[ 48, 5, -1 ]
[ 48, 7, -1 ]
[ 48, 11, 1 ]
[ 48, 13, 1 ]
[ 48, 17, -1 ]
[ 48, 19, -1 ]
[ 48, 23, 1 ]
[ 48, 29, -1 ]
[ 48, 31, -1 ]
[ 48, 37, 1 ]
[ 48, 41, -1 ]
[ 48, 43, -1 ]
[ 48, 47, 1 ]
[ 48, 53, -1 ]
[ 48, 59, 1 ]
[ 48, 61, 1 ]
[ 48, 67, -1 ]
[ 48, 71, 1 ]
[ 48, 73, 1 ]
[ 48, 79, -1 ]
[ 48, 83, 1 ]
[ 48, 89, -1 ]
[ 48, 97, 1 ]
[ 49, 3, 1 ]
[ 49, 5, 1 ]
[ 49, 7, 0 ]
[ 49, 11, 1 ]
[ 49, 13, 1 ]
[ 49, 17, 1 ]
[ 49, 19, 1 ]
[ 49, 23, 1 ]
[ 49, 29, 1 ]
[ 49, 31, 1 ]
[ 49, 37, 1 ]
[ 49, 41, 1 ]
[ 49, 43, 1 ]
[ 49, 47, 1 ]
[ 49, 53, 1 ]
[ 49, 59, 1 ]
[ 49, 61, 1 ]
[ 49, 67, 1 ]
[ 49, 71, 1 ]
[ 49, 73, 1 ]
[ 49, 79, 1 ]
[ 49, 83, 1 ]
[ 49, 89, 1 ]
[ 49, 97, 1 ]
[ 50, 3, -1 ]
[ 50, 5, 0 ]
[ 50, 7, 1 ]
[ 50, 11, -1 ]
[ 50, 13, -1 ]
[ 50, 17, 1 ]
[ 50, 19, -1 ]
[ 50, 23, 1 ]
[ 50, 29, -1 ]
[ 50, 31, 1 ]
[ 50, 37, -1 ]
[ 50, 41, 1 ]
[ 50, 43, -1 ]
[ 50, 47, 1 ]
[ 50, 53, -1 ]
[ 50, 59, -1 ]
[ 50, 61, -1 ]
[ 50, 67, -1 ]
[ 50, 71, 1 ]
[ 50, 73, 1 ]
[ 50, 79, 1 ]
[ 50, 83, -1 ]
[ 50, 89, 1 ]
[ 50, 97, 1 ]
[ 51, 3, 0 ]
[ 51, 5, 1 ]
[ 51, 7, 1 ]
[ 51, 11, -1 ]
[ 51, 13, 1 ]
[ 51, 17, 0 ]
[ 51, 19, -1 ]
[ 51, 23, -1 ]
[ 51, 29, 1 ]
[ 51, 31, 1 ]
[ 51, 37, -1 ]
[ 51, 41, 1 ]
[ 51, 43, -1 ]
[ 51, 47, 1 ]
[ 51, 53, -1 ]
[ 51, 59, 1 ]
[ 51, 61, -1 ]
[ 51, 67, -1 ]
[ 51, 71, -1 ]
[ 51, 73, -1 ]
[ 51, 79, 1 ]
[ 51, 83, 1 ]
[ 51, 89, -1 ]
[ 51, 97, -1 ]
[ 52, 3, 1 ]
[ 52, 5, -1 ]
[ 52, 7, -1 ]
[ 52, 11, -1 ]
[ 52, 13, 0 ]
[ 52, 17, 1 ]
[ 52, 19, -1 ]
[ 52, 23, 1 ]
[ 52, 29, 1 ]
[ 52, 31, -1 ]
[ 52, 37, -1 ]
[ 52, 41, -1 ]
[ 52, 43, 1 ]
[ 52, 47, -1 ]
[ 52, 53, 1 ]
[ 52, 59, -1 ]
[ 52, 61, 1 ]
[ 52, 67, -1 ]
[ 52, 71, -1 ]
[ 52, 73, -1 ]
[ 52, 79, 1 ]
[ 52, 83, -1 ]
[ 52, 89, -1 ]
[ 52, 97, -1 ]
[ 53, 3, -1 ]
[ 53, 5, -1 ]
[ 53, 7, 1 ]
[ 53, 11, 1 ]
[ 53, 13, 1 ]
[ 53, 17, 1 ]
[ 53, 19, -1 ]
[ 53, 23, -1 ]
[ 53, 29, 1 ]
[ 53, 31, -1 ]
[ 53, 37, 1 ]
[ 53, 41, -1 ]
[ 53, 43, 1 ]
[ 53, 47, 1 ]
[ 53, 53, 0 ]
[ 53, 59, 1 ]
[ 53, 61, -1 ]
[ 53, 67, -1 ]
[ 53, 71, -1 ]
[ 53, 73, -1 ]
[ 53, 79, -1 ]
[ 53, 83, -1 ]
[ 53, 89, 1 ]
[ 53, 97, 1 ]
[ 54, 3, 0 ]
[ 54, 5, 1 ]
[ 54, 7, -1 ]
[ 54, 11, -1 ]
[ 54, 13, -1 ]
[ 54, 17, -1 ]
[ 54, 19, 1 ]
[ 54, 23, 1 ]
[ 54, 29, 1 ]
[ 54, 31, -1 ]
[ 54, 37, -1 ]
[ 54, 41, -1 ]
[ 54, 43, 1 ]
[ 54, 47, 1 ]
[ 54, 53, 1 ]
[ 54, 59, -1 ]
[ 54, 61, -1 ]
[ 54, 67, 1 ]
[ 54, 71, 1 ]
[ 54, 73, 1 ]
[ 54, 79, -1 ]
[ 54, 83, -1 ]
[ 54, 89, -1 ]
[ 54, 97, 1 ]
[ 55, 3, 1 ]
[ 55, 5, 0 ]
[ 55, 7, -1 ]
[ 55, 11, 0 ]
[ 55, 13, 1 ]
[ 55, 17, 1 ]
[ 55, 19, 1 ]
[ 55, 23, 1 ]
[ 55, 29, -1 ]
[ 55, 31, -1 ]
[ 55, 37, -1 ]
[ 55, 41, -1 ]
[ 55, 43, -1 ]
[ 55, 47, 1 ]
[ 55, 53, -1 ]
[ 55, 59, -1 ]
[ 55, 61, -1 ]
[ 55, 67, 1 ]
[ 55, 71, -1 ]
[ 55, 73, 1 ]
[ 55, 79, 1 ]
[ 55, 83, -1 ]
[ 55, 89, 1 ]
[ 55, 97, -1 ]
[ 56, 3, -1 ]
[ 56, 5, 1 ]
[ 56, 7, 0 ]
[ 56, 11, 1 ]
[ 56, 13, 1 ]
[ 56, 17, -1 ]
[ 56, 19, -1 ]
[ 56, 23, -1 ]
[ 56, 29, -1 ]
[ 56, 31, 1 ]
[ 56, 37, -1 ]
[ 56, 41, -1 ]
[ 56, 43, 1 ]
[ 56, 47, 1 ]
[ 56, 53, -1 ]
[ 56, 59, -1 ]
[ 56, 61, 1 ]
[ 56, 67, 1 ]
[ 56, 71, -1 ]
[ 56, 73, -1 ]
[ 56, 79, -1 ]
[ 56, 83, -1 ]
[ 56, 89, -1 ]
[ 56, 97, -1 ]
[ 57, 3, 0 ]
[ 57, 5, -1 ]
[ 57, 7, 1 ]
[ 57, 11, -1 ]
[ 57, 13, -1 ]
[ 57, 17, -1 ]
[ 57, 19, 0 ]
[ 57, 23, -1 ]
[ 57, 29, 1 ]
[ 57, 31, -1 ]
[ 57, 37, -1 ]
[ 57, 41, 1 ]
[ 57, 43, 1 ]
[ 57, 47, -1 ]
[ 57, 53, 1 ]
[ 57, 59, 1 ]
[ 57, 61, 1 ]
[ 57, 67, -1 ]
[ 57, 71, 1 ]
[ 57, 73, 1 ]
[ 57, 79, -1 ]
[ 57, 83, -1 ]
[ 57, 89, 1 ]
[ 57, 97, -1 ]
[ 58, 3, 1 ]
[ 58, 5, -1 ]
[ 58, 7, 1 ]
[ 58, 11, 1 ]
[ 58, 13, -1 ]
[ 58, 17, -1 ]
[ 58, 19, 1 ]
[ 58, 23, 1 ]
[ 58, 29, 0 ]
[ 58, 31, -1 ]
[ 58, 37, 1 ]
[ 58, 41, -1 ]
[ 58, 43, 1 ]
[ 58, 47, -1 ]
[ 58, 53, -1 ]
[ 58, 59, -1 ]
[ 58, 61, 1 ]
[ 58, 67, -1 ]
[ 58, 71, 1 ]
[ 58, 73, -1 ]
[ 58, 79, -1 ]
[ 58, 83, -1 ]
[ 58, 89, -1 ]
[ 58, 97, -1 ]
[ 59, 3, -1 ]
[ 59, 5, 1 ]
[ 59, 7, -1 ]
[ 59, 11, 1 ]
[ 59, 13, -1 ]
[ 59, 17, 1 ]
[ 59, 19, -1 ]
[ 59, 23, 1 ]
[ 59, 29, 1 ]
[ 59, 31, 1 ]
[ 59, 37, -1 ]
[ 59, 41, 1 ]
[ 59, 43, 1 ]
[ 59, 47, 1 ]
[ 59, 53, 1 ]
[ 59, 59, 0 ]
[ 59, 61, -1 ]
[ 59, 67, 1 ]
[ 59, 71, -1 ]
[ 59, 73, -1 ]
[ 59, 79, -1 ]
[ 59, 83, 1 ]
[ 59, 89, -1 ]
[ 59, 97, -1 ]
[ 60, 3, 0 ]
[ 60, 5, 0 ]
[ 60, 7, 1 ]
[ 60, 11, 1 ]
[ 60, 13, -1 ]
[ 60, 17, 1 ]
[ 60, 19, -1 ]
[ 60, 23, -1 ]
[ 60, 29, -1 ]
[ 60, 31, -1 ]
[ 60, 37, -1 ]
[ 60, 41, -1 ]
[ 60, 43, 1 ]
[ 60, 47, -1 ]
[ 60, 53, 1 ]
[ 60, 59, 1 ]
[ 60, 61, 1 ]
[ 60, 67, 1 ]
[ 60, 71, 1 ]
[ 60, 73, -1 ]
[ 60, 79, -1 ]
[ 60, 83, -1 ]
[ 60, 89, -1 ]
[ 60, 97, -1 ]
[ 61, 3, 1 ]
[ 61, 5, 1 ]
[ 61, 7, -1 ]
[ 61, 11, -1 ]
[ 61, 13, 1 ]
[ 61, 17, -1 ]
[ 61, 19, 1 ]
[ 61, 23, -1 ]
[ 61, 29, -1 ]
[ 61, 31, -1 ]
[ 61, 37, -1 ]
[ 61, 41, 1 ]
[ 61, 43, -1 ]
[ 61, 47, 1 ]
[ 61, 53, -1 ]
[ 61, 59, -1 ]
[ 61, 61, 0 ]
[ 61, 67, -1 ]
[ 61, 71, -1 ]
[ 61, 73, 1 ]
[ 61, 79, -1 ]
[ 61, 83, 1 ]
[ 61, 89, -1 ]
[ 61, 97, 1 ]
[ 62, 3, -1 ]
[ 62, 5, -1 ]
[ 62, 7, -1 ]
[ 62, 11, -1 ]
[ 62, 13, 1 ]
[ 62, 17, -1 ]
[ 62, 19, 1 ]
[ 62, 23, 1 ]
[ 62, 29, 1 ]
[ 62, 31, 0 ]
[ 62, 37, 1 ]
[ 62, 41, 1 ]
[ 62, 43, -1 ]
[ 62, 47, -1 ]
[ 62, 53, 1 ]
[ 62, 59, 1 ]
[ 62, 61, 1 ]
[ 62, 67, 1 ]
[ 62, 71, -1 ]
[ 62, 73, -1 ]
[ 62, 79, 1 ]
[ 62, 83, -1 ]
[ 62, 89, -1 ]
[ 62, 97, 1 ]
[ 63, 3, 0 ]
[ 63, 5, -1 ]
[ 63, 7, 0 ]
[ 63, 11, -1 ]
[ 63, 13, -1 ]
[ 63, 17, -1 ]
[ 63, 19, 1 ]
[ 63, 23, -1 ]
[ 63, 29, 1 ]
[ 63, 31, 1 ]
[ 63, 37, 1 ]
[ 63, 41, -1 ]
[ 63, 43, -1 ]
[ 63, 47, 1 ]
[ 63, 53, 1 ]
[ 63, 59, 1 ]
[ 63, 61, -1 ]
[ 63, 67, -1 ]
[ 63, 71, -1 ]
[ 63, 73, -1 ]
[ 63, 79, -1 ]
[ 63, 83, 1 ]
[ 63, 89, -1 ]
[ 63, 97, -1 ]
[ 64, 3, 1 ]
[ 64, 5, 1 ]
[ 64, 7, 1 ]
[ 64, 11, 1 ]
[ 64, 13, 1 ]
[ 64, 17, 1 ]
[ 64, 19, 1 ]
[ 64, 23, 1 ]
[ 64, 29, 1 ]
[ 64, 31, 1 ]
[ 64, 37, 1 ]
[ 64, 41, 1 ]
[ 64, 43, 1 ]
[ 64, 47, 1 ]
[ 64, 53, 1 ]
[ 64, 59, 1 ]
[ 64, 61, 1 ]
[ 64, 67, 1 ]
[ 64, 71, 1 ]
[ 64, 73, 1 ]
[ 64, 79, 1 ]
[ 64, 83, 1 ]
[ 64, 89, 1 ]
[ 64, 97, 1 ]
[ 65, 3, -1 ]
[ 65, 5, 0 ]
[ 65, 7, 1 ]
[ 65, 11, -1 ]
[ 65, 13, 0 ]
[ 65, 17, -1 ]
[ 65, 19, -1 ]
[ 65, 23, -1 ]
[ 65, 29, 1 ]
[ 65, 31, -1 ]
[ 65, 37, 1 ]
[ 65, 41, -1 ]
[ 65, 43, -1 ]
[ 65, 47, 1 ]
[ 65, 53, -1 ]
[ 65, 59, -1 ]
[ 65, 61, 1 ]
[ 65, 67, 1 ]
[ 65, 71, -1 ]
[ 65, 73, 1 ]
[ 65, 79, 1 ]
[ 65, 83, 1 ]
[ 65, 89, -1 ]
[ 65, 97, 1 ]
[ 66, 3, 0 ]
[ 66, 5, 1 ]
[ 66, 7, -1 ]
[ 66, 11, 0 ]
[ 66, 13, 1 ]
[ 66, 17, 1 ]
[ 66, 19, 1 ]
[ 66, 23, -1 ]
[ 66, 29, -1 ]
[ 66, 31, 1 ]
[ 66, 37, -1 ]
[ 66, 41, 1 ]
[ 66, 43, 1 ]
[ 66, 47, -1 ]
[ 66, 53, 1 ]
[ 66, 59, 1 ]
[ 66, 61, 1 ]
[ 66, 67, -1 ]
[ 66, 71, -1 ]
[ 66, 73, -1 ]
[ 66, 79, -1 ]
[ 66, 83, -1 ]
[ 66, 89, -1 ]
[ 66, 97, 1 ]
[ 67, 3, 1 ]
[ 67, 5, -1 ]
[ 67, 7, 1 ]
[ 67, 11, 1 ]
[ 67, 13, -1 ]
[ 67, 17, 1 ]
[ 67, 19, -1 ]
[ 67, 23, -1 ]
[ 67, 29, 1 ]
[ 67, 31, 1 ]
[ 67, 37, 1 ]
[ 67, 41, -1 ]
[ 67, 43, 1 ]
[ 67, 47, -1 ]
[ 67, 53, -1 ]
[ 67, 59, -1 ]
[ 67, 61, -1 ]
[ 67, 67, 0 ]
[ 67, 71, -1 ]
[ 67, 73, 1 ]
[ 67, 79, 1 ]
[ 67, 83, -1 ]
[ 67, 89, 1 ]
[ 67, 97, -1 ]
[ 68, 3, -1 ]
[ 68, 5, -1 ]
[ 68, 7, -1 ]
[ 68, 11, -1 ]
[ 68, 13, 1 ]
[ 68, 17, 0 ]
[ 68, 19, 1 ]
[ 68, 23, -1 ]
[ 68, 29, -1 ]
[ 68, 31, -1 ]
[ 68, 37, -1 ]
[ 68, 41, -1 ]
[ 68, 43, 1 ]
[ 68, 47, 1 ]
[ 68, 53, 1 ]
[ 68, 59, 1 ]
[ 68, 61, -1 ]
[ 68, 67, 1 ]
[ 68, 71, -1 ]
[ 68, 73, -1 ]
[ 68, 79, -1 ]
[ 68, 83, 1 ]
[ 68, 89, 1 ]
[ 68, 97, -1 ]
[ 69, 3, 0 ]
[ 69, 5, 1 ]
[ 69, 7, -1 ]
[ 69, 11, 1 ]
[ 69, 13, 1 ]
[ 69, 17, 1 ]
[ 69, 19, -1 ]
[ 69, 23, 0 ]
[ 69, 29, -1 ]
[ 69, 31, 1 ]
[ 69, 37, -1 ]
[ 69, 41, -1 ]
[ 69, 43, -1 ]
[ 69, 47, -1 ]
[ 69, 53, 1 ]
[ 69, 59, -1 ]
[ 69, 61, -1 ]
[ 69, 67, -1 ]
[ 69, 71, -1 ]
[ 69, 73, 1 ]
[ 69, 79, -1 ]
[ 69, 83, 1 ]
[ 69, 89, 1 ]
[ 69, 97, -1 ]
[ 70, 3, 1 ]
[ 70, 5, 0 ]
[ 70, 7, 0 ]
[ 70, 11, 1 ]
[ 70, 13, -1 ]
[ 70, 17, 1 ]
[ 70, 19, -1 ]
[ 70, 23, 1 ]
[ 70, 29, -1 ]
[ 70, 31, 1 ]
[ 70, 37, 1 ]
[ 70, 41, -1 ]
[ 70, 43, -1 ]
[ 70, 47, -1 ]
[ 70, 53, 1 ]
[ 70, 59, -1 ]
[ 70, 61, 1 ]
[ 70, 67, -1 ]
[ 70, 71, -1 ]
[ 70, 73, 1 ]
[ 70, 79, -1 ]
[ 70, 83, 1 ]
[ 70, 89, -1 ]
[ 70, 97, 1 ]
[ 71, 3, -1 ]
[ 71, 5, 1 ]
[ 71, 7, 1 ]
[ 71, 11, 1 ]
[ 71, 13, -1 ]
[ 71, 17, -1 ]
[ 71, 19, -1 ]
[ 71, 23, 1 ]
[ 71, 29, 1 ]
[ 71, 31, 1 ]
[ 71, 37, 1 ]
[ 71, 41, -1 ]
[ 71, 43, -1 ]
[ 71, 47, 1 ]
[ 71, 53, -1 ]
[ 71, 59, 1 ]
[ 71, 61, -1 ]
[ 71, 67, 1 ]
[ 71, 71, 0 ]
[ 71, 73, 1 ]
[ 71, 79, -1 ]
[ 71, 83, -1 ]
[ 71, 89, 1 ]
[ 71, 97, -1 ]
[ 72, 3, 0 ]
[ 72, 5, -1 ]
[ 72, 7, 1 ]
[ 72, 11, -1 ]
[ 72, 13, -1 ]
[ 72, 17, 1 ]
[ 72, 19, -1 ]
[ 72, 23, 1 ]
[ 72, 29, -1 ]
[ 72, 31, 1 ]
[ 72, 37, -1 ]
[ 72, 41, 1 ]
[ 72, 43, -1 ]
[ 72, 47, 1 ]
[ 72, 53, -1 ]
[ 72, 59, -1 ]
[ 72, 61, -1 ]
[ 72, 67, -1 ]
[ 72, 71, 1 ]
[ 72, 73, 1 ]
[ 72, 79, 1 ]
[ 72, 83, -1 ]
[ 72, 89, 1 ]
[ 72, 97, 1 ]
[ 73, 3, 1 ]
[ 73, 5, -1 ]
[ 73, 7, -1 ]
[ 73, 11, -1 ]
[ 73, 13, -1 ]
[ 73, 17, -1 ]
[ 73, 19, 1 ]
[ 73, 23, 1 ]
[ 73, 29, -1 ]
[ 73, 31, -1 ]
[ 73, 37, 1 ]
[ 73, 41, 1 ]
[ 73, 43, -1 ]
[ 73, 47, -1 ]
[ 73, 53, -1 ]
[ 73, 59, -1 ]
[ 73, 61, 1 ]
[ 73, 67, 1 ]
[ 73, 71, 1 ]
[ 73, 73, 0 ]
[ 73, 79, 1 ]
[ 73, 83, -1 ]
[ 73, 89, 1 ]
[ 73, 97, 1 ]
[ 74, 3, -1 ]
[ 74, 5, 1 ]
[ 74, 7, 1 ]
[ 74, 11, -1 ]
[ 74, 13, 1 ]
[ 74, 17, -1 ]
[ 74, 19, 1 ]
[ 74, 23, -1 ]
[ 74, 29, 1 ]
[ 74, 31, -1 ]
[ 74, 37, 0 ]
[ 74, 41, 1 ]
[ 74, 43, 1 ]
[ 74, 47, 1 ]
[ 74, 53, -1 ]
[ 74, 59, 1 ]
[ 74, 61, 1 ]
[ 74, 67, -1 ]
[ 74, 71, 1 ]
[ 74, 73, 1 ]
[ 74, 79, -1 ]
[ 74, 83, -1 ]
[ 74, 89, -1 ]
[ 74, 97, -1 ]
[ 75, 3, 0 ]
[ 75, 5, 0 ]
[ 75, 7, -1 ]
[ 75, 11, 1 ]
[ 75, 13, 1 ]
[ 75, 17, -1 ]
[ 75, 19, -1 ]
[ 75, 23, 1 ]
[ 75, 29, -1 ]
[ 75, 31, -1 ]
[ 75, 37, 1 ]
[ 75, 41, -1 ]
[ 75, 43, -1 ]
[ 75, 47, 1 ]
[ 75, 53, -1 ]
[ 75, 59, 1 ]
[ 75, 61, 1 ]
[ 75, 67, -1 ]
[ 75, 71, 1 ]
[ 75, 73, 1 ]
[ 75, 79, -1 ]
[ 75, 83, 1 ]
[ 75, 89, -1 ]
[ 75, 97, 1 ]
[ 76, 3, 1 ]
[ 76, 5, 1 ]
[ 76, 7, -1 ]
[ 76, 11, -1 ]
[ 76, 13, -1 ]
[ 76, 17, 1 ]
[ 76, 19, 0 ]
[ 76, 23, -1 ]
[ 76, 29, -1 ]
[ 76, 31, 1 ]
[ 76, 37, -1 ]
[ 76, 41, -1 ]
[ 76, 43, -1 ]
[ 76, 47, -1 ]
[ 76, 53, -1 ]
[ 76, 59, 1 ]
[ 76, 61, 1 ]
[ 76, 67, 1 ]
[ 76, 71, 1 ]
[ 76, 73, 1 ]
[ 76, 79, 1 ]
[ 76, 83, -1 ]
[ 76, 89, -1 ]
[ 76, 97, -1 ]
[ 77, 3, -1 ]
[ 77, 5, -1 ]
[ 77, 7, 0 ]
[ 77, 11, 0 ]
[ 77, 13, 1 ]
[ 77, 17, 1 ]
[ 77, 19, 1 ]
[ 77, 23, 1 ]
[ 77, 29, -1 ]
[ 77, 31, -1 ]
[ 77, 37, 1 ]
[ 77, 41, 1 ]
[ 77, 43, -1 ]
[ 77, 47, -1 ]
[ 77, 53, 1 ]
[ 77, 59, -1 ]
[ 77, 61, 1 ]
[ 77, 67, 1 ]
[ 77, 71, 1 ]
[ 77, 73, 1 ]
[ 77, 79, -1 ]
[ 77, 83, 1 ]
[ 77, 89, -1 ]
[ 77, 97, -1 ]
[ 78, 3, 0 ]
[ 78, 5, -1 ]
[ 78, 7, 1 ]
[ 78, 11, 1 ]
[ 78, 13, 0 ]
[ 78, 17, -1 ]
[ 78, 19, -1 ]
[ 78, 23, 1 ]
[ 78, 29, 1 ]
[ 78, 31, 1 ]
[ 78, 37, 1 ]
[ 78, 41, 1 ]
[ 78, 43, 1 ]
[ 78, 47, -1 ]
[ 78, 53, 1 ]
[ 78, 59, 1 ]
[ 78, 61, -1 ]
[ 78, 67, -1 ]
[ 78, 71, -1 ]
[ 78, 73, -1 ]
[ 78, 79, -1 ]
[ 78, 83, 1 ]
[ 78, 89, 1 ]
[ 78, 97, -1 ]
[ 79, 3, 1 ]
[ 79, 5, 1 ]
[ 79, 7, 1 ]
[ 79, 11, -1 ]
[ 79, 13, 1 ]
[ 79, 17, -1 ]
[ 79, 19, -1 ]
[ 79, 23, -1 ]
[ 79, 29, -1 ]
[ 79, 31, -1 ]
[ 79, 37, -1 ]
[ 79, 41, -1 ]
[ 79, 43, 1 ]
[ 79, 47, 1 ]
[ 79, 53, -1 ]
[ 79, 59, 1 ]
[ 79, 61, -1 ]
[ 79, 67, -1 ]
[ 79, 71, 1 ]
[ 79, 73, 1 ]
[ 79, 79, 0 ]
[ 79, 83, -1 ]
[ 79, 89, 1 ]
[ 79, 97, 1 ]
[ 80, 3, -1 ]
[ 80, 5, 0 ]
[ 80, 7, -1 ]
[ 80, 11, 1 ]
[ 80, 13, -1 ]
[ 80, 17, -1 ]
[ 80, 19, 1 ]
[ 80, 23, -1 ]
[ 80, 29, 1 ]
[ 80, 31, 1 ]
[ 80, 37, -1 ]
[ 80, 41, 1 ]
[ 80, 43, -1 ]
[ 80, 47, -1 ]
[ 80, 53, -1 ]
[ 80, 59, 1 ]
[ 80, 61, 1 ]
[ 80, 67, -1 ]
[ 80, 71, 1 ]
[ 80, 73, -1 ]
[ 80, 79, 1 ]
[ 80, 83, -1 ]
[ 80, 89, 1 ]
[ 80, 97, -1 ]
[ 81, 3, 0 ]
[ 81, 5, 1 ]
[ 81, 7, 1 ]
[ 81, 11, 1 ]
[ 81, 13, 1 ]
[ 81, 17, 1 ]
[ 81, 19, 1 ]
[ 81, 23, 1 ]
[ 81, 29, 1 ]
[ 81, 31, 1 ]
[ 81, 37, 1 ]
[ 81, 41, 1 ]
[ 81, 43, 1 ]
[ 81, 47, 1 ]
[ 81, 53, 1 ]
[ 81, 59, 1 ]
[ 81, 61, 1 ]
[ 81, 67, 1 ]
[ 81, 71, 1 ]
[ 81, 73, 1 ]
[ 81, 79, 1 ]
[ 81, 83, 1 ]
[ 81, 89, 1 ]
[ 81, 97, 1 ]
[ 82, 3, 1 ]
[ 82, 5, -1 ]
[ 82, 7, -1 ]
[ 82, 11, 1 ]
[ 82, 13, 1 ]
[ 82, 17, -1 ]
[ 82, 19, 1 ]
[ 82, 23, 1 ]
[ 82, 29, 1 ]
[ 82, 31, 1 ]
[ 82, 37, -1 ]
[ 82, 41, 0 ]
[ 82, 43, -1 ]
[ 82, 47, -1 ]
[ 82, 53, 1 ]
[ 82, 59, -1 ]
[ 82, 61, -1 ]
[ 82, 67, 1 ]
[ 82, 71, -1 ]
[ 82, 73, 1 ]
[ 82, 79, -1 ]
[ 82, 83, -1 ]
[ 82, 89, -1 ]
[ 82, 97, -1 ]
[ 83, 3, -1 ]
[ 83, 5, -1 ]
[ 83, 7, -1 ]
[ 83, 11, -1 ]
[ 83, 13, -1 ]
[ 83, 17, 1 ]
[ 83, 19, 1 ]
[ 83, 23, -1 ]
[ 83, 29, 1 ]
[ 83, 31, -1 ]
[ 83, 37, 1 ]
[ 83, 41, 1 ]
[ 83, 43, 1 ]
[ 83, 47, 1 ]
[ 83, 53, -1 ]
[ 83, 59, -1 ]
[ 83, 61, 1 ]
[ 83, 67, 1 ]
[ 83, 71, 1 ]
[ 83, 73, -1 ]
[ 83, 79, 1 ]
[ 83, 83, 0 ]
[ 83, 89, -1 ]
[ 83, 97, -1 ]
[ 84, 3, 0 ]
[ 84, 5, 1 ]
[ 84, 7, 0 ]
[ 84, 11, -1 ]
[ 84, 13, -1 ]
[ 84, 17, 1 ]
[ 84, 19, -1 ]
[ 84, 23, -1 ]
[ 84, 29, -1 ]
[ 84, 31, -1 ]
[ 84, 37, 1 ]
[ 84, 41, 1 ]
[ 84, 43, 1 ]
[ 84, 47, 1 ]
[ 84, 53, -1 ]
[ 84, 59, 1 ]
[ 84, 61, -1 ]
[ 84, 67, 1 ]
[ 84, 71, -1 ]
[ 84, 73, -1 ]
[ 84, 79, 1 ]
[ 84, 83, 1 ]
[ 84, 89, 1 ]
[ 84, 97, -1 ]
[ 85, 3, 1 ]
[ 85, 5, 0 ]
[ 85, 7, 1 ]
[ 85, 11, -1 ]
[ 85, 13, -1 ]
[ 85, 17, 0 ]
[ 85, 19, 1 ]
[ 85, 23, 1 ]
[ 85, 29, -1 ]
[ 85, 31, -1 ]
[ 85, 37, 1 ]
[ 85, 41, -1 ]
[ 85, 43, -1 ]
[ 85, 47, -1 ]
[ 85, 53, -1 ]
[ 85, 59, 1 ]
[ 85, 61, -1 ]
[ 85, 67, -1 ]
[ 85, 71, -1 ]
[ 85, 73, 1 ]
[ 85, 79, -1 ]
[ 85, 83, -1 ]
[ 85, 89, 1 ]
[ 85, 97, 1 ]
[ 86, 3, -1 ]
[ 86, 5, 1 ]
[ 86, 7, 1 ]
[ 86, 11, 1 ]
[ 86, 13, -1 ]
[ 86, 17, 1 ]
[ 86, 19, -1 ]
[ 86, 23, -1 ]
[ 86, 29, 1 ]
[ 86, 31, -1 ]
[ 86, 37, 1 ]
[ 86, 41, 1 ]
[ 86, 43, 0 ]
[ 86, 47, -1 ]
[ 86, 53, -1 ]
[ 86, 59, 1 ]
[ 86, 61, 1 ]
[ 86, 67, 1 ]
[ 86, 71, 1 ]
[ 86, 73, -1 ]
[ 86, 79, -1 ]
[ 86, 83, 1 ]
[ 86, 89, -1 ]
[ 86, 97, 1 ]
[ 87, 3, 0 ]
[ 87, 5, -1 ]
[ 87, 7, -1 ]
[ 87, 11, -1 ]
[ 87, 13, 1 ]
[ 87, 17, 1 ]
[ 87, 19, 1 ]
[ 87, 23, 1 ]
[ 87, 29, 0 ]
[ 87, 31, 1 ]
[ 87, 37, -1 ]
[ 87, 41, 1 ]
[ 87, 43, 1 ]
[ 87, 47, -1 ]
[ 87, 53, -1 ]
[ 87, 59, 1 ]
[ 87, 61, -1 ]
[ 87, 67, -1 ]
[ 87, 71, 1 ]
[ 87, 73, -1 ]
[ 87, 79, 1 ]
[ 87, 83, 1 ]
[ 87, 89, 1 ]
[ 87, 97, -1 ]
[ 88, 3, 1 ]
[ 88, 5, -1 ]
[ 88, 7, 1 ]
[ 88, 11, 0 ]
[ 88, 13, 1 ]
[ 88, 17, -1 ]
[ 88, 19, -1 ]
[ 88, 23, -1 ]
[ 88, 29, 1 ]
[ 88, 31, -1 ]
[ 88, 37, -1 ]
[ 88, 41, -1 ]
[ 88, 43, -1 ]
[ 88, 47, -1 ]
[ 88, 53, -1 ]
[ 88, 59, 1 ]
[ 88, 61, 1 ]
[ 88, 67, 1 ]
[ 88, 71, -1 ]
[ 88, 73, -1 ]
[ 88, 79, 1 ]
[ 88, 83, -1 ]
[ 88, 89, 1 ]
[ 88, 97, 1 ]
[ 89, 3, -1 ]
[ 89, 5, 1 ]
[ 89, 7, -1 ]
[ 89, 11, 1 ]
[ 89, 13, -1 ]
[ 89, 17, 1 ]
[ 89, 19, -1 ]
[ 89, 23, -1 ]
[ 89, 29, -1 ]
[ 89, 31, -1 ]
[ 89, 37, -1 ]
[ 89, 41, -1 ]
[ 89, 43, -1 ]
[ 89, 47, 1 ]
[ 89, 53, 1 ]
[ 89, 59, -1 ]
[ 89, 61, -1 ]
[ 89, 67, 1 ]
[ 89, 71, 1 ]
[ 89, 73, 1 ]
[ 89, 79, 1 ]
[ 89, 83, -1 ]
[ 89, 89, 0 ]
[ 89, 97, 1 ]
[ 90, 3, 0 ]
[ 90, 5, 0 ]
[ 90, 7, -1 ]
[ 90, 11, -1 ]
[ 90, 13, 1 ]
[ 90, 17, -1 ]
[ 90, 19, -1 ]
[ 90, 23, -1 ]
[ 90, 29, -1 ]
[ 90, 31, 1 ]
[ 90, 37, 1 ]
[ 90, 41, 1 ]
[ 90, 43, 1 ]
[ 90, 47, -1 ]
[ 90, 53, 1 ]
[ 90, 59, -1 ]
[ 90, 61, -1 ]
[ 90, 67, 1 ]
[ 90, 71, 1 ]
[ 90, 73, -1 ]
[ 90, 79, 1 ]
[ 90, 83, 1 ]
[ 90, 89, 1 ]
[ 90, 97, -1 ]
[ 91, 3, 1 ]
[ 91, 5, 1 ]
[ 91, 7, 0 ]
[ 91, 11, 1 ]
[ 91, 13, 0 ]
[ 91, 17, -1 ]
[ 91, 19, -1 ]
[ 91, 23, -1 ]
[ 91, 29, 1 ]
[ 91, 31, -1 ]
[ 91, 37, -1 ]
[ 91, 41, 1 ]
[ 91, 43, -1 ]
[ 91, 47, -1 ]
[ 91, 53, 1 ]
[ 91, 59, -1 ]
[ 91, 61, -1 ]
[ 91, 67, 1 ]
[ 91, 71, 1 ]
[ 91, 73, 1 ]
[ 91, 79, -1 ]
[ 91, 83, -1 ]
[ 91, 89, 1 ]
[ 91, 97, 1 ]
[ 92, 3, -1 ]
[ 92, 5, -1 ]
[ 92, 7, 1 ]
[ 92, 11, 1 ]
[ 92, 13, 1 ]
[ 92, 17, -1 ]
[ 92, 19, 1 ]
[ 92, 23, 0 ]
[ 92, 29, 1 ]
[ 92, 31, -1 ]
[ 92, 37, -1 ]
[ 92, 41, 1 ]
[ 92, 43, 1 ]
[ 92, 47, -1 ]
[ 92, 53, -1 ]
[ 92, 59, -1 ]
[ 92, 61, -1 ]
[ 92, 67, 1 ]
[ 92, 71, -1 ]
[ 92, 73, 1 ]
[ 92, 79, 1 ]
[ 92, 83, 1 ]
[ 92, 89, -1 ]
[ 92, 97, -1 ]
[ 93, 3, 0 ]
[ 93, 5, -1 ]
[ 93, 7, 1 ]
[ 93, 11, 1 ]
[ 93, 13, -1 ]
[ 93, 17, 1 ]
[ 93, 19, 1 ]
[ 93, 23, 1 ]
[ 93, 29, 1 ]
[ 93, 31, 0 ]
[ 93, 37, -1 ]
[ 93, 41, -1 ]
[ 93, 43, -1 ]
[ 93, 47, -1 ]
[ 93, 53, 1 ]
[ 93, 59, -1 ]
[ 93, 61, -1 ]
[ 93, 67, 1 ]
[ 93, 71, -1 ]
[ 93, 73, -1 ]
[ 93, 79, -1 ]
[ 93, 83, 1 ]
[ 93, 89, 1 ]
[ 93, 97, 1 ]
[ 94, 3, 1 ]
[ 94, 5, 1 ]
[ 94, 7, -1 ]
[ 94, 11, -1 ]
[ 94, 13, 1 ]
[ 94, 17, 1 ]
[ 94, 19, -1 ]
[ 94, 23, 1 ]
[ 94, 29, 1 ]
[ 94, 31, 1 ]
[ 94, 37, -1 ]
[ 94, 41, -1 ]
[ 94, 43, -1 ]
[ 94, 47, 0 ]
[ 94, 53, -1 ]
[ 94, 59, 1 ]
[ 94, 61, -1 ]
[ 94, 67, -1 ]
[ 94, 71, -1 ]
[ 94, 73, -1 ]
[ 94, 79, -1 ]
[ 94, 83, 1 ]
[ 94, 89, 1 ]
[ 94, 97, 1 ]
[ 95, 3, -1 ]
[ 95, 5, 0 ]
[ 95, 7, 1 ]
[ 95, 11, -1 ]
[ 95, 13, 1 ]
[ 95, 17, -1 ]
[ 95, 19, 0 ]
[ 95, 23, 1 ]
[ 95, 29, -1 ]
[ 95, 31, 1 ]
[ 95, 37, 1 ]
[ 95, 41, -1 ]
[ 95, 43, 1 ]
[ 95, 47, 1 ]
[ 95, 53, 1 ]
[ 95, 59, 1 ]
[ 95, 61, 1 ]
[ 95, 67, -1 ]
[ 95, 71, 1 ]
[ 95, 73, -1 ]
[ 95, 79, 1 ]
[ 95, 83, 1 ]
[ 95, 89, -1 ]
[ 95, 97, 1 ]
[ 96, 3, 0 ]
[ 96, 5, 1 ]
[ 96, 7, -1 ]
[ 96, 11, -1 ]
[ 96, 13, -1 ]
[ 96, 17, -1 ]
[ 96, 19, 1 ]
[ 96, 23, 1 ]
[ 96, 29, 1 ]
[ 96, 31, -1 ]
[ 96, 37, -1 ]
[ 96, 41, -1 ]
[ 96, 43, 1 ]
[ 96, 47, 1 ]
[ 96, 53, 1 ]
[ 96, 59, -1 ]
[ 96, 61, -1 ]
[ 96, 67, 1 ]
[ 96, 71, 1 ]
[ 96, 73, 1 ]
[ 96, 79, -1 ]
[ 96, 83, -1 ]
[ 96, 89, -1 ]
[ 96, 97, 1 ]
[ 97, 3, 1 ]
[ 97, 5, -1 ]
[ 97, 7, -1 ]
[ 97, 11, 1 ]
[ 97, 13, -1 ]
[ 97, 17, -1 ]
[ 97, 19, -1 ]
[ 97, 23, -1 ]
[ 97, 29, -1 ]
[ 97, 31, 1 ]
[ 97, 37, -1 ]
[ 97, 41, -1 ]
[ 97, 43, 1 ]
[ 97, 47, 1 ]
[ 97, 53, 1 ]
[ 97, 59, -1 ]
[ 97, 61, 1 ]
[ 97, 67, -1 ]
[ 97, 71, -1 ]
[ 97, 73, 1 ]
[ 97, 79, 1 ]
[ 97, 83, -1 ]
[ 97, 89, 1 ]
[ 97, 97, 0 ]
[ 98, 3, -1 ]
[ 98, 5, -1 ]
[ 98, 7, 0 ]
[ 98, 11, -1 ]
[ 98, 13, -1 ]
[ 98, 17, 1 ]
[ 98, 19, -1 ]
[ 98, 23, 1 ]
[ 98, 29, -1 ]
[ 98, 31, 1 ]
[ 98, 37, -1 ]
[ 98, 41, 1 ]
[ 98, 43, -1 ]
[ 98, 47, 1 ]
[ 98, 53, -1 ]
[ 98, 59, -1 ]
[ 98, 61, -1 ]
[ 98, 67, -1 ]
[ 98, 71, 1 ]
[ 98, 73, 1 ]
[ 98, 79, 1 ]
[ 98, 83, -1 ]
[ 98, 89, 1 ]
[ 98, 97, 1 ]
[ 99, 3, 0 ]
[ 99, 5, 1 ]
[ 99, 7, 1 ]
[ 99, 11, 0 ]
[ 99, 13, -1 ]
[ 99, 17, -1 ]
[ 99, 19, 1 ]
[ 99, 23, -1 ]
[ 99, 29, -1 ]
[ 99, 31, -1 ]
[ 99, 37, 1 ]
[ 99, 41, -1 ]
[ 99, 43, 1 ]
[ 99, 47, -1 ]
[ 99, 53, 1 ]
[ 99, 59, -1 ]
[ 99, 61, -1 ]
[ 99, 67, -1 ]
[ 99, 71, -1 ]
[ 99, 73, -1 ]
[ 99, 79, 1 ]
[ 99, 83, 1 ]
[ 99, 89, 1 ]
[ 99, 97, 1 ]
[ 100, 3, 1 ]
[ 100, 5, 0 ]
[ 100, 7, 1 ]
[ 100, 11, 1 ]
[ 100, 13, 1 ]
[ 100, 17, 1 ]
[ 100, 19, 1 ]
[ 100, 23, 1 ]
[ 100, 29, 1 ]
[ 100, 31, 1 ]
[ 100, 37, 1 ]
[ 100, 41, 1 ]
[ 100, 43, 1 ]
[ 100, 47, 1 ]
[ 100, 53, 1 ]
[ 100, 59, 1 ]
[ 100, 61, 1 ]
[ 100, 67, 1 ]
[ 100, 71, 1 ]
[ 100, 73, 1 ]
[ 100, 79, 1 ]
[ 100, 83, 1 ]
[ 100, 89, 1 ]
[ 100, 97, 1 ]
